17
Orangutan	0.0	
Gibbon	0.03931041526651585	0.0	
Crab-eating-macaque	0.05676531512418065	0.056793847482023374	0.0	
Olive-baboon	0.057516061463104284	0.05656637695965194	0.015123502598822391	0.0	
Proboscis-monkey	0.0595638366998954	0.059175708149633854	0.03346516713320008	0.034191767288371644	0.0	
Golden-snub-nosed-monkey	0.057920034516148855	0.05783212013950206	0.031246356236444894	0.03154665194991174	0.01391221045912644	0.0	
Rhesus-macaque	0.05638164705005322	0.056586074093590455	0.004745096597049414	0.014888040906489097	0.03342092109360012	0.030975244486587117	0.0	
Common-marmoset	0.09167986459474048	0.09267720649878075	0.09433365066397159	0.09334610777221186	0.09529159093848238	0.09462689169322086	0.09336506229884961	0.0	
Black-capped-squirrel-monkey	0.09417350317255962	0.0931030535885427	0.097251589747896	0.09764169384601551	0.09723972015715926	0.0956971341626272	0.09648247204939703	0.05806148909167047	0.0	
Philippine-tarsier	0.1361657797550046	0.13648029092946912	0.13673258384281528	0.13828582456198935	0.1348780750164566	0.13416642712058252	0.1348596723189962	0.13684377426261324	0.1338219538319298	0.0	
Northern-greater-galago	0.1464043580405126	0.14588000060329992	0.14463031267709225	0.14551795622497837	0.14772455565057446	0.14403443480454386	0.14450500180179437	0.14647016599792484	0.14996060656318344	0.14572293262297187	0.0	
Green-monkey	0.05786531416226648	0.059050985992051164	0.023641816407990568	0.023098562475572737	0.03670171525697413	0.034141975900781274	0.023450048346962626	0.09418233440656182	0.09682885279088532	0.13498566358022313	0.14498924042998546	0.0	
Gray-mouse-lemur	0.13843017074749575	0.13307469513479564	0.13612198671685832	0.13860186294981153	0.13770321757613307	0.1337629457674192	0.1373436269857603	0.14108865898806072	0.13728735717832585	0.13857338476227216	0.13702777947599293	0.13700273469905577	0.0	
Humans	0.032116168560913205	0.03767792409370124	0.055624489769247165	0.05529866515557108	0.0587258868586823	0.05731927583872298	0.05472588332352307	0.09036553648997897	0.09309955437969114	0.13315271394297534	0.14818272892551393	0.05781494742051069	0.1346829896473714	0.0	
Chimpanzee	0.03228060821688833	0.037233708787910325	0.055956028137368996	0.056227517367609836	0.05794476753254274	0.05628662808526602	0.05463588003966219	0.09165525640104061	0.0924794904788	0.13846081855625003	0.14608938401296218	0.05733185570697341	0.13545822485809267	0.0128320051854931	0.0	
Bonobo	0.03278303165829821	0.037318252259554985	0.0563139524109324	0.056174175002373095	0.05855369983699599	0.05691918451748135	0.05505023832660377	0.09203439210805753	0.09255918719925266	0.13853674096621238	0.14838980749480257	0.05769188420498833	0.13553414726805502	0.012918812714619643	0.004793607094490171	0.0	
Gorilla	0.03288012102285559	0.03832450166413037	0.055712201232736513	0.05618824685835572	0.05777848088408544	0.05611262745594703	0.054877286601607345	0.08953260091981519	0.09053415188268887	0.13072894266639007	0.1434101040977216	0.057286291198185124	0.1335178009661548	0.016953142905086427	0.016632074857951817	0.016718550085895678	0.0	
